0.020768 0.090000
0.020002 0.080000
0.021912 0.090000
0.022371 0.050000
0.022345 0.080000
0.021645 0.060000
0.022379 0.070000
0.021714 0.060000
0.021348 0.080000
0.021738 0.070000
0.021119 0.080000
0.021330 0.040000
0.021544 0.100000
0.021128 0.070000
0.021337 0.060000
0.021721 0.090000
0.021651 0.090000
0.021976 0.080000
0.022079 0.060000
0.021771 0.090000
0.021214 0.060000
0.021885 0.080000
0.021589 0.080000
0.023345 0.070000
0.021430 0.060000
0.021058 0.090000
0.022304 0.080000
0.021157 0.070000
0.022629 0.060000
