0.020918 0.130000
0.020066 0.170000
0.027887 0.110000
0.024698 0.170000
0.023818 0.190000
0.026050 0.160000
0.024971 0.140000
0.025657 0.150000
0.025066 0.160000
0.027684 0.130000
0.027304 0.180000
0.025271 0.190000
0.026069 0.160000
0.025358 0.170000
0.028219 0.120000
0.024862 0.150000
0.026495 0.110000
0.023519 0.160000
0.025707 0.150000
0.025148 0.150000
0.022595 0.120000
0.024726 0.130000
0.026571 0.140000
0.029613 0.130000
0.025673 0.130000
0.024317 0.150000
0.025143 0.170000
0.024598 0.160000
0.025437 0.150000
