0.010069 0.330000
0.019978 0.330000
0.029927 0.280000
0.040056 0.280000
0.050073 0.360000
0.059978 0.270000
0.069934 0.270000
0.079962 0.260000
0.084376 0.310000
0.076729 0.330000
0.084590 0.280000
0.088374 0.290000
0.089489 0.270000
0.070703 0.300000
0.077066 0.310000
0.088702 0.320000
0.086600 0.270000
0.083308 0.290000
0.084344 0.290000
0.064792 0.290000
0.093402 0.310000
0.090124 0.300000
0.087127 0.300000
0.080134 0.320000
0.076793 0.310000
0.073128 0.340000
0.081352 0.270000
0.085858 0.310000
0.078324 0.290000
