0.116426 0.100000
0.109733 0.100000
0.115406 0.100000
0.103810 0.100000
0.109682 0.100000
0.105748 0.150000
0.101783 0.100000
0.098460 0.100000
0.121565 0.100000
0.107207 0.150000
0.111908 0.100000
0.120016 0.100000
0.129932 0.150000
0.139907 0.200000
0.149924 0.150000
0.159911 0.150000
0.169937 0.150000
0.179983 0.150000
0.190049 0.250000
0.200040 0.100000
0.210039 0.150000
0.219920 0.100000
0.230087 0.150000
0.240062 0.200000
0.250079 0.200000
0.259950 0.150000
0.270064 0.150000
0.279950 0.100000
0.290067 0.100000
