0.047087 0.350000
0.056543 0.340000
0.053898 0.350000
0.057007 0.330000
0.049914 0.310000
0.059976 0.320000
0.069931 0.330000
0.080045 0.350000
0.090095 0.400000
0.099982 0.360000
0.110012 0.350000
0.120099 0.390000
0.130054 0.380000
0.140085 0.380000
0.149986 0.390000
0.160088 0.400000
0.159118 0.420000
0.160370 0.400000
0.164240 0.420000
0.164865 0.390000
0.161470 0.390000
0.163188 0.420000
0.169950 0.380000
0.166878 0.390000
0.155607 0.380000
0.150688 0.380000
0.160221 0.370000
0.165335 0.390000
0.153539 0.400000
