0.095978 0.110000
0.103453 0.170000
0.104656 0.150000
0.127367 0.140000
0.114859 0.130000
0.105928 0.140000
0.108881 0.160000
0.105146 0.100000
0.094349 0.140000
0.107907 0.130000
0.110079 0.110000
0.120047 0.110000
0.129919 0.110000
0.140057 0.140000
0.150054 0.140000
0.160084 0.140000
0.170009 0.150000
0.180062 0.130000
0.189903 0.130000
0.200052 0.150000
0.210073 0.180000
0.220063 0.140000
0.229950 0.180000
0.239926 0.190000
0.250074 0.190000
0.256378 0.200000
0.253993 0.220000
0.259297 0.190000
0.254291 0.160000
