0.165272 0.130000
0.152717 0.140000
0.180027 0.120000
0.140818 0.120000
0.155439 0.120000
0.155542 0.120000
0.170846 0.160000
0.148744 0.130000
0.148412 0.130000
0.143555 0.120000
0.140953 0.130000
0.149585 0.120000
0.157561 0.120000
0.172171 0.150000
0.172647 0.130000
0.176977 0.120000
0.170079 0.150000
0.179916 0.130000
0.189915 0.130000
0.199921 0.130000
0.209974 0.110000
0.219984 0.110000
0.230069 0.120000
0.240049 0.120000
0.249983 0.120000
0.259931 0.140000
0.270081 0.110000
0.279947 0.140000
0.277483 0.160000
