0.074181 0.250000
0.067677 0.200000
0.067391 0.250000
0.063935 0.200000
0.074496 0.250000
0.066692 0.200000
0.069922 0.300000
0.079975 0.200000
0.090009 0.250000
0.100085 0.300000
0.110060 0.250000
0.120049 0.250000
0.129995 0.300000
0.140055 0.200000
0.149921 0.250000
0.160074 0.200000
0.170027 0.250000
0.180076 0.200000
0.189943 0.200000
0.199946 0.300000
0.209917 0.200000
0.220084 0.200000
0.230033 0.250000
0.233975 0.250000
0.235237 0.250000
0.235473 0.250000
0.236140 0.300000
0.233785 0.250000
0.237995 0.300000
