0.098577 0.110000
0.109695 0.120000
0.092881 0.120000
0.100503 0.170000
0.102989 0.140000
0.100801 0.140000
0.094504 0.120000
0.100279 0.160000
0.100252 0.130000
0.100071 0.140000
0.109938 0.140000
0.120083 0.100000
0.129975 0.100000
0.140038 0.130000
0.150084 0.150000
0.159942 0.120000
0.169900 0.090000
0.180033 0.110000
0.189935 0.110000
0.200072 0.110000
0.210092 0.110000
0.216011 0.130000
0.210306 0.110000
0.213829 0.120000
0.213005 0.110000
0.214082 0.110000
0.217479 0.120000
0.212210 0.130000
0.215198 0.120000
