0.013083 0.470000
0.020052 0.480000
0.025833 0.500000
0.018134 0.460000
0.024248 0.490000
0.021521 0.490000
0.024828 0.510000
0.025078 0.510000
0.022741 0.490000
0.024243 0.510000
0.027262 0.510000
0.022636 0.480000
0.021435 0.490000
0.023218 0.480000
0.023788 0.500000
0.024781 0.490000
0.021393 0.490000
0.025724 0.520000
0.021661 0.500000
0.027604 0.510000
0.025747 0.490000
0.023759 0.500000
0.024284 0.470000
0.025754 0.460000
0.024118 0.480000
0.019886 0.470000
0.026744 0.510000
0.022449 0.480000
0.019387 0.470000
