0.048346 0.220000
0.047112 0.240000
0.049628 0.210000
0.059489 0.180000
0.055000 0.190000
0.060018 0.250000
0.069901 0.200000
0.079972 0.200000
0.089978 0.220000
0.100014 0.190000
0.109920 0.210000
0.119923 0.160000
0.129948 0.220000
0.139956 0.230000
0.149972 0.210000
0.153299 0.200000
0.149638 0.210000
0.153683 0.190000
0.150522 0.200000
0.155415 0.180000
0.150068 0.190000
0.155455 0.210000
0.152053 0.200000
0.153418 0.200000
0.153343 0.220000
0.157484 0.200000
0.150682 0.220000
0.149115 0.190000
0.152676 0.220000
