0.074351 0.140000
0.075285 0.080000
0.074616 0.110000
0.068109 0.150000
0.071263 0.120000
0.070242 0.140000
0.073884 0.120000
0.079991 0.130000
0.090038 0.120000
0.099938 0.110000
0.109931 0.120000
0.119907 0.080000
0.129939 0.090000
0.140048 0.060000
0.149952 0.060000
0.160013 0.080000
0.169908 0.060000
0.180044 0.070000
0.190038 0.060000
0.191839 0.030000
0.188198 0.060000
0.191337 0.080000
0.190552 0.050000
0.192753 0.090000
0.191801 0.070000
0.188705 0.080000
0.186042 0.080000
0.189399 0.030000
0.188000 0.050000
