0.014494 0.370000
0.014907 0.330000
0.014819 0.330000
0.014793 0.330000
0.014240 0.340000
0.014482 0.330000
0.014859 0.340000
0.014700 0.320000
0.014625 0.370000
0.014790 0.330000
0.015083 0.350000
0.014739 0.390000
0.014847 0.350000
0.014523 0.330000
0.014619 0.350000
0.014976 0.340000
0.014595 0.350000
0.015398 0.340000
0.014203 0.360000
0.014527 0.320000
0.014356 0.330000
0.014676 0.360000
0.014820 0.360000
0.014394 0.360000
0.014334 0.320000
0.014578 0.330000
0.015219 0.330000
0.014771 0.330000
0.014795 0.340000
