0.133033 0.050000
0.137091 0.050000
0.143823 0.090000
0.147187 0.040000
0.119847 0.060000
0.149262 0.070000
0.153990 0.080000
0.140791 0.030000
0.129127 0.050000
0.146233 0.040000
0.179719 0.040000
0.157099 0.050000
0.175713 0.040000
0.142119 0.040000
0.155567 0.060000
0.182808 0.060000
0.170009 0.040000
0.180098 0.050000
0.189925 0.040000
0.199981 0.020000
0.210098 0.040000
0.220083 0.030000
0.229955 0.040000
0.240026 0.020000
0.249978 0.020000
0.259964 0.030000
0.268996 0.010000
0.266643 0.010000
0.268025 0.010000
