0.088001 0.100000
0.087550 0.100000
0.088479 0.100000
0.092297 0.100000
0.092785 0.100000
0.092106 0.100000
0.090069 0.100000
0.088456 0.100000
0.090056 0.100000
0.100037 0.100000
0.109976 0.100000
0.120033 0.100000
0.130005 0.100000
0.139960 0.100000
0.150032 0.100000
0.160013 0.100000
0.170018 0.100000
0.180098 0.100000
0.189930 0.100000
0.200100 0.100000
0.209996 0.150000
0.220050 0.100000
0.230051 0.100000
0.239930 0.100000
0.249976 0.100000
0.259951 0.100000
0.270077 0.100000
0.279996 0.150000
0.290026 0.100000
